-1.01446823939
2.43665635136
3.61531331985
0.947485642534
0.835218229604
1.44957243178
2.28110421337
0.0110833292392
0.516537048271
-0.0933519600796
0.427374523117
0.27146033551
2.7172634974
-2.30091360136
-0.472682436051
-1.12484826528
0.466504003768
-0.540163236637
-0.973080745219
0.982033795006
3.48123588771
-0.607366741553
-1.15503277509
-1.82383259018
0.975505351596
-0.608017656766
0.348777235681
-0.357336922236
6.03120262255
1.30507403679
0.314965637035
-2.85149695076
1.6276750701
2.58684857757
-1.13617170368
4.96360219133
-0.499996423413
1.67923822185
-0.777561194286
-2.0731293011
3.5267782498
2.86795877173
1.39158095013
1.98557312059
-0.695301300129
1.19352888428
3.10058659131
1.98306332754
-0.213006441402
2.27376453022
-0.0975071491259
4.61427642941
2.64607905582
2.00751920982
2.32221310447
2.26877569797
-0.529618093678
0.658496699229
-0.0932340629581
2.87908737741
-0.982999694297
3.04464119153
3.67653539298
3.29784651324
0.822747576763
0.72057268896
1.02705319791
-0.307112773628
-0.481461658175
-0.774636096137
3.88392561358
-1.48879609865
3.10921227941
-0.593790387285
0.0563338610758
-0.0902830201121
-1.09148798107
0.564889629514
0.284026755372
0.825023522782
0.812079552522
1.79287789175
0.969193763551
2.64680639135
3.42924127451
-2.66052499791
2.15831854664
-1.29059285264
0.749153431666
2.37379047141
2.74706806039
1.03601808601
-0.539062634317
-0.330306578284
0.13743166114
2.70413099678
-1.31472847461
0.752142002367
1.78655133433
0.229391910797
0.286251242377
4.63986757746
1.09128997958
0.622010662223
2.39297697572
-1.35465656113
0.121426967905
5.3612689118
0.163887691923
-1.46160502887
2.97811773158
0.497645240516
-0.252120545213
2.20131359568
-0.667717455195
3.79691868735
0.338394037405
-0.484333410237
0.338223983883
1.22493669812
0.501214917794
3.46575039087
1.24491390788
3.0226453529
3.84657416548
2.82589093993
-0.508132935055
3.01878298862
1.5857451228
0.00945874780665
1.15816705418
1.80488617482
0.347429190902
0.635497620085
0.283270260524
-0.636209988111
2.69887346344
2.56603565529
1.05968099683
3.31974839826
2.5503573385
-0.381564554638
1.28525310646
0.386761440857
3.07113869963
0.83699849412
1.01799025106
3.26426627055
-1.03693830695
-0.447514211365
1.86335489058
-0.850498570386
0.780891975447
-0.102274918086
2.25366035842
4.40243183099
0.548004972443
0.0807963965811
5.56420475836
0.00682847447254
2.65201675115
1.41198039234
-0.155914365957
-0.650054117462
0.596162864394
1.1840279868
-1.36829499694
0.972319337078
1.6534629298
1.07802362502
0.505739255566
3.09195515241
2.85950592321
4.39132455809
4.13450706233
4.31060031723
-0.0903857074414
2.32891808022
-0.141285235922
1.14274934491
0.225832245862
0.240876703434
1.44211884589
3.54253484864
3.37480142468
0.881057398838
0.891851866204
2.45029824651
1.87512817978
-0.00746134637616
1.85848273075
2.27595119222
-0.0029450450956
2.46500964008
3.29958191089
-0.0767460042974
-0.200957210035
-0.624726144715
-0.148852400057
2.69801519665
-1.78906503189
-3.3373572501
3.44832822935
-0.342834078115
0.879103149948
-1.29380997226
3.29485118398
0.88241738669
1.29581804965
0.373118963328
2.19309511936
1.53238958894
-0.0898358879104
2.56801619237
0.516924133811
2.11849401875
-0.984569585453
0.968142793503
0.747484322759
-0.0798269067061
-0.161976204342
2.97681051282
2.46833197415
0.625147786198
-0.37027633911
0.0493619749079
0.814197468537
4.06831999149
2.72179719087
0.411084050813
2.89139708525
1.17289831911
-1.09967533344
0.188548162341
2.57636092051
-1.05263777661
2.74509330396
2.53633920911
2.35781311059
0.114371490495
0.964330069755
2.5624555208
0.948157078291
-0.762931573174
1.08883945398
1.91844921034
1.56096219544
0.653423170372
2.195797814
-1.44658107236
2.61302025523
0.510849551978
-1.18369806084
1.83869232422
2.15566826121
1.2104356928
-0.101355022769
0.795580458845
1.31273520809
3.16479816057
1.50725951389
-0.0681491151953
1.93592900489
1.0300632369
1.19934311586
3.29392988848
0.953160336118
0.693761053469
-0.170001183855
3.22244493936
-0.933182341237
4.53513286683
0.228410787996
-2.71850087455
1.83320190214
-0.0420876383974
1.63603096782
-1.13276779798
2.31846206373
1.13816970313
4.28934024455
0.929286401521
-1.3439936978
1.19401837556
0.50665402582
0.654991555666
1.70313548368
2.01952097069
0.64677610794
1.76147939103
-0.451455418354
0.431733869544
3.3108497643
1.85717727371
-0.298932453305
-2.25281786654
-0.0860181428726
0.492301815732
1.38838564872
3.23196160203
