-1.18143883805
-0.609155609374
-2.09114124236
-2.80252371815
-0.990896752837
-3.93728493387
-3.28513265995
0.68203254215
-1.47977583524
-1.57841252828
-2.21241036597
0.950591953195
0.40191014042
-1.93838344919
-2.67700496991
-2.18224213787
-1.29533514247
-1.38411711227
-1.79550370369
-2.3644136744
-3.12845620159
-2.84079375892
-1.50607521953
-1.50097355687
-3.47370716068
-0.388631475841
-3.72053129349
-1.10035774901
0.255965993003
-2.00352889643
0.379710575965
-1.96746756892
-0.272261420109
-3.28544338856
-3.23793447004
-2.75303111961
-0.431909435961
-2.40860833556
-2.24528996642
-3.18356417948
-2.07649490213
-2.57065916431
-1.46529507517
-2.46534004912
-0.797611214881
-2.80601657702
-1.38704617151
-3.58550588667
-2.01876793728
-2.60300870622
-2.59727638169
-0.878739196629
-2.96324287446
-2.52866362927
-2.12145430384
-2.66210193381
-0.773456117688
-1.7176208603
-2.08226289675
-0.239427795209
-1.92067544888
-3.07611445492
-0.896418007469
-2.31950448027
-2.63838671733
-2.28832434652
-3.67469637761
-0.913807485705
-1.92854461004
0.203943533214
-0.770701547195
-1.21538357777
-0.556343563973
-0.392242998726
-1.50601067519
-1.21416314911
-2.72411361552
-2.74298013898
0.307899417216
-2.18384590302
-2.81205727561
-2.25299247882
-2.16667212718
-4.00788466128
-2.68317699859
-2.87545183998
-1.0847588708
-2.05931012352
-3.58459026438
-0.714710624141
-0.542566630152
-3.59648256872
-0.544053763345
-1.62313731055
-1.83306381751
0.976145698062
-2.35576830468
-2.9484973632
-1.23467669864
-2.36916609819
-1.08038366
-0.167291600885
-4.01983931789
-1.3854926646
-1.16855940673
-2.48572284203
-3.32519722777
-0.999237587868
-1.97010780145
-0.41714712546
-3.72608975259
-2.91147392208
-1.76992258598
-2.36424461224
-2.3361010431
-3.09422022598
-1.51264711775
-1.72989695642
-2.18451183102
-1.96852266336
-2.44094939143
-1.6484173398
-1.23194473869
-1.62569299181
-3.20789459388
-3.3354433831
-1.49687692429
-2.60430898885
-1.58550292759
-2.0779883087
-1.72825715917
-1.84548077929
-1.75155229008
-0.599678664895
-0.323475967236
-0.966167257999
-2.37268582833
-0.69817515467
-2.31038553171
-2.36214045169
-1.50241308741
1.2081839797
-2.7083114932
-3.15693800661
-0.0831513621636
-2.69455085154
-2.00898866
-1.65782815248
-1.25858775965
-1.29292072494
-1.93851945459
-0.973395958771
-3.88127294439
-2.37237127582
-0.528021255679
-2.81747425107
-1.19190718563
-2.27174558394
-3.2000021948
-1.35904252026
-1.61728894756
-2.17189689056
-1.84598004887
-1.22862705125
-3.23077874236
-1.51292186136
-2.75003034035
-2.08212877068
-1.30990790688
-2.01500918775
-1.56772700693
-1.18177944832
-3.61881867825
-1.78833327593
0.278012249642
-3.01220931466
-1.01221279632
-0.799321551741
-1.11516261395
-1.76112016186
-2.24611341453
-2.40162005416
-1.62749911056
-1.56921828807
-2.79626508093
-1.49946734262
-2.4014077284
-1.53900079534
-1.20637640638
-2.21723777102
-0.874366961298
-2.28779247615
-3.23530560707
-1.03956137272
-2.02369470243
-2.19713434838
-1.31417161844
-2.64456866988
-2.57228594214
-3.58108657249
-1.60561836026
-2.12532359547
-1.38863817999
-0.784324454804
-1.58855228122
-1.47811896922
-2.14104319549
-2.69830400067
-2.87390888458
-2.5156937262
-2.04216691021
-2.95410679726
-1.36239668537
-1.39671201183
-2.22962810344
-2.0984569184
-2.35292342571
-4.5134970764
-2.15504181195
-2.12495957666
-0.427572877757
-3.05787084071
-2.36043514857
-2.12064431554
-2.59157116595
-3.53151616131
-1.28419887663
-1.67438763447
-2.60806515633
-2.88254996387
-2.20611610303
-0.467879234622
-2.88739544345
-1.95547933341
-3.37935991754
-2.66298779956
-2.50092135672
-1.26198475284
-0.00835102655471
-2.6965215993
-3.17075003726
-1.70477462736
-4.36465948063
-1.66673798362
-2.59621815001
-2.2130913918
-3.03219077937
-0.885572686996
-1.80970663874
-1.64594015535
-0.548898702508
-1.48767446009
-0.203511187133
-3.93643540642
-2.62801511997
-2.04963402589
-2.34555827578
-1.35895803251
-2.33531424951
-0.160115125363
-0.756691491228
-2.4319649371
-1.64459734683
-2.5672365798
-1.997492981
-3.57279212367
-2.56281169739
-2.06710110562
-2.39431690652
-0.466699614405
-1.73382141496
-2.03236293886
-3.08159635815
-3.09697423963
-1.79112007908
-2.36225774942
-2.22171638618
-1.49415905884
-3.1797610436
-1.27702172893
-1.34194244902
-2.30030347868
-2.17954198248
-2.18107382428
-2.55402143787
-0.36709737937
-2.14841019342
-2.53454254103
-1.08389080871
-2.26195168412
-2.23134263943
-1.14381607525
-1.85023006991
-2.62630796478
-2.1736167327
-3.55713087423
-1.52952057996
-2.1698912646
-2.118669371
-2.30865414057
